Format: xRadius yRadius Family# Removed (-2 = userPolygon, -1 = userRectangle, 0 = userEllipse, > 0 is family in order of famProb)
4.2995176 4.2995176 2 R
4.8718882 4.8718882 1
4.1154675 4.1154675 1 R
3.948674 3.948674 1 R
4.2682695 4.2682695 2
3.2154217 3.2154217 1 R
3.0903137 3.0903137 1 R
3.0234978 3.0234978 1
4.2233162 4.2233162 2 R
4.1512618 4.1512618 2 R
4.1181955 4.1181955 2 R
2.9617109 2.9617109 1 R
2.9445591 2.9445591 1 R
2.893826 2.893826 1
4.1146145 4.1146145 2 R
2.7365582 2.7365582 1 R
4.0855536 4.0855536 2 R
2.5946379 2.5946379 1
2.5449495 2.5449495 1 R
4.0829201 4.0829201 2 R
2.5225658 2.5225658 1 R
3.8320765 3.8320765 2 R
3.6123998 3.6123998 2
3.5453415 3.5453415 2 R
2.4386382 2.4386382 1 R
2.416101 2.416101 1
3.2198234 3.2198234 2 R
3.1790087 3.1790087 2 R
3.159138 3.159138 2 R
2.4013543 2.4013543 1 R
3.0516193 3.0516193 2 R
2.9599104 2.9599104 2 R
2.8939514 2.8939514 2 R
2.4005077 2.4005077 1 R
2.3724284 2.3724284 1 R
2.3502672 2.3502672 1 R
2.2842255 2.2842255 1 R
2.8021269 2.8021269 2
2.746666 2.746666 2 R
2.7282875 2.7282875 2 R
2.2501225 2.2501225 1 R
2.2434506 2.2434506 1 R
2.2243125 2.2243125 1 R
2.618454 2.618454 2 R
2.203681 2.203681 1 R
2.5333638 2.5333638 2
2.1878355 2.1878355 1 R
2.4752033 2.4752033 2 R
2.4646361 2.4646361 2
2.4406986 2.4406986 2 R
2.1677337 2.1677337 1 R
2.1360168 2.1360168 1 R
2.1245556 2.1245556 1 R
2.3498077 2.3498077 2 R
2.2791748 2.2791748 2 R
2.1170061 2.1170061 1 R
2.0932868 2.0932868 1 R
2.0385511 2.0385511 1 R
1.9489839 1.9489839 1 R
2.2786343 2.2786343 2 R
2.2653503 2.2653503 2 R
1.9106194 1.9106194 1 R
2.2612028 2.2612028 2
1.8882715 1.8882715 1 R
1.849445 1.849445 1
2.2534809 2.2534809 2 R
1.8479095 1.8479095 1 R
2.2423425 2.2423425 2 R
1.8309647 1.8309647 1 R
2.2086709 2.2086709 2 R
2.1694896 2.1694896 2 R
2.1519721 2.1519721 2 R
1.8280777 1.8280777 1 R
2.0606933 2.0606933 2 R
1.8259342 1.8259342 1 R
2.056109 2.056109 2 R
1.8016175 1.8016175 1 R
1.7866173 1.7866173 1 R
2.0428257 2.0428257 2 R
1.9983996 1.9983996 2 R
1.9967055 1.9967055 2 R
1.9751399 1.9751399 2 R
1.9575644 1.9575644 2 R
1.7845621 1.7845621 1 R
1.7842706 1.7842706 1 R
1.9390054 1.9390054 2 R
1.881846 1.881846 2 R
1.8802615 1.8802615 2
1.7828783 1.7828783 1
1.7738792 1.7738792 1 R
1.8661289 1.8661289 2 R
1.8386804 1.8386804 2 R
1.8363839 1.8363839 2 R
1.8311782 1.8311782 2 R
1.7699425 1.7699425 1 R
1.7562354 1.7562354 1 R
1.8309186 1.8309186 2 R
1.7862842 1.7862842 2 R
1.7393907 1.7393907 1 R
1.73534 1.73534 1 R
1.718192 1.718192 1 R
1.767967 1.767967 2 R
1.7677796 1.7677796 2 R
1.7632924 1.7632924 2 R
1.7134321 1.7134321 1 R
1.71301 1.71301 1 R
1.7619179 1.7619179 2 R
1.7094439 1.7094439 1 R
1.6804558 1.6804558 1 R
1.6734102 1.6734102 1 R
1.6728824 1.6728824 1 R
1.651948 1.651948 1 R
1.7383044 1.7383044 2 R
1.6507643 1.6507643 1 R
1.626627 1.626627 1 R
1.7377338 1.7377338 2 R
1.7215135 1.7215135 2 R
1.7212336 1.7212336 2 R
1.6263168 1.6263168 1 R
1.7134826 1.7134826 2 R
1.707601 1.707601 2 R
1.696908 1.696908 2 R
1.6959541 1.6959541 2 R
1.6139777 1.6139777 1 R
1.6093242 1.6093242 1 R
1.5898274 1.5898274 1 R
1.588613 1.588613 1 R
1.6707984 1.6707984 2 R
1.5778794 1.5778794 1 R
1.66546 1.66546 2 R
1.6641464 1.6641464 2
1.5729024 1.5729024 1
1.6634392 1.6634392 2 R
1.6463262 1.6463262 2 R
1.6459558 1.6459558 2 R
1.6353214 1.6353214 2 R
1.6252624 1.6252624 2 R
1.5693341 1.5693341 1
1.56609 1.56609 1 R
1.6193366 1.6193366 2 R
1.5578418 1.5578418 1 R
1.6175106 1.6175106 2 R
1.5570717 1.5570717 1 R
1.5456934 1.5456934 1 R
1.5391724 1.5391724 1 R
1.5342238 1.5342238 1 R
1.5192028 1.5192028 1 R
1.5095279 1.5095279 1 R
1.607556 1.607556 2 R
1.5058168 1.5058168 1 R
1.5970293 1.5970293 2 R
1.594047 1.594047 2 R
1.5904951 1.5904951 2 R
1.5765374 1.5765374 2 R
1.5736293 1.5736293 2 R
1.5045371 1.5045371 1 R
1.5705065 1.5705065 2 R
1.5653461 1.5653461 2 R
1.5624154 1.5624154 2 R
1.5623088 1.5623088 2 R
1.5619755 1.5619755 2
1.4989325 1.4989325 1 R
1.4945139 1.4945139 1 R
1.5532414 1.5532414 2 R
1.5507023 1.5507023 2
1.5414407 1.5414407 2 R
1.5403507 1.5403507 2 R
1.4908499 1.4908499 1 R
1.5386636 1.5386636 2 R
1.5272521 1.5272521 2 R
1.5185169 1.5185169 2 R
1.5150654 1.5150654 2 R
1.4902046 1.4902046 1 R
1.5120467 1.5120467 2 R
1.4789224 1.4789224 1 R
1.4780726 1.4780726 1 R
1.4649417 1.4649417 1 R
1.5062994 1.5062994 2 R
1.5051506 1.5051506 2 R
1.4640954 1.4640954 1 R
1.4945227 1.4945227 2 R
1.4602735 1.4602735 1 R
1.4916738 1.4916738 2 R
1.473259 1.473259 2 R
1.4590913 1.4590913 1
1.4712484 1.4712484 2 R
1.4567412 1.4567412 1 R
1.4591939 1.4591939 2 R
1.4462154 1.4462154 2 R
1.4542236 1.4542236 1
1.434732 1.434732 2 R
1.4535369 1.4535369 1 R
1.4339757 1.4339757 2 R
1.4290016 1.4290016 2 R
1.4519486 1.4519486 1 R
1.4507983 1.4507983 1 R
1.4491823 1.4491823 1 R
1.4437231 1.4437231 1 R
1.4291676 1.4291676 1 R
1.428834 1.428834 2 R
1.4179969 1.4179969 2 R
1.429163 1.429163 1 R
1.4159008 1.4159008 2 R
1.4217318 1.4217318 1 R
1.4193852 1.4193852 1
1.4148021 1.4148021 2 R
1.4115034 1.4115034 2 R
1.4063795 1.4063795 1 R
1.4062921 1.4062921 1 R
1.4018046 1.4018046 1 R
1.3985722 1.3985722 1 R
1.4079959 1.4079959 2 R
1.3980993 1.3980993 1 R
1.402493 1.402493 2 R
1.394805 1.394805 1 R
1.3782626 1.3782626 2 R
1.3706485 1.3706485 2 R
1.3642366 1.3642366 2 R
1.389832 1.389832 1 R
1.3593596 1.3593596 2 R
1.3593516 1.3593516 2 R
1.3857652 1.3857652 1 R
1.355603 1.355603 2 R
1.3493158 1.3493158 2 R
1.3459607 1.3459607 2 R
1.3400116 1.3400116 2 R
1.3348348 1.3348348 2 R
1.3831131 1.3831131 1 R
1.3330908 1.3330908 2 R
1.3753599 1.3753599 1 R
1.3743333 1.3743333 1 R
1.3326162 1.3326162 2
1.3727071 1.3727071 1 R
1.3283348 1.3283348 2 R
1.327912 1.327912 2 R
1.3664932 1.3664932 1 R
1.3276682 1.3276682 2 R
1.3275925 1.3275925 2 R
1.3107558 1.3107558 2 R
1.3096807 1.3096807 2 R
1.3071942 1.3071942 2 R
1.300735 1.300735 2 R
1.2990897 1.2990897 2 R
1.3365127 1.3365127 1 R
1.334605 1.334605 1
1.3301492 1.3301492 1 R
1.2988729 1.2988729 2 R
1.2978978 1.2978978 2 R
1.2944341 1.2944341 2 R
1.2934276 1.2934276 2 R
1.32816 1.32816 1 R
1.3270276 1.3270276 1 R
1.2903402 1.2903402 2 R
1.3267056 1.3267056 1 R
1.3183472 1.3183472 1 R
1.2877052 1.2877052 2 R
1.3169746 1.3169746 1 R
1.2819285 1.2819285 2 R
1.3137076 1.3137076 1 R
1.2802641 1.2802641 2 R
1.2786195 1.2786195 2 R
1.2786175 1.2786175 2 R
1.2782776 1.2782776 2 R
1.27557 1.27557 2 R
1.311673 1.311673 1 R
1.2736034 1.2736034 2
1.3109691 1.3109691 1 R
1.2714097 1.2714097 2 R
1.3046827 1.3046827 1 R
1.3044806 1.3044806 1
1.2984364 1.2984364 1 R
1.270709 1.270709 2 R
1.2672409 1.2672409 2 R
1.2669797 1.2669797 2 R
1.2970691 1.2970691 1 R
1.2665576 1.2665576 2 R
1.2663196 1.2663196 2 R
1.2658578 1.2658578 2 R
1.2587121 1.2587121 2 R
1.2949716 1.2949716 1 R
1.2925678 1.2925678 1 R
1.2924769 1.2924769 1 R
1.25692 1.25692 2 R
1.2532518 1.2532518 2 R
1.240942 1.240942 2 R
1.2884057 1.2884057 1 R
1.2404064 1.2404064 2 R
1.2851446 1.2851446 1 R
1.238842 1.238842 2 R
1.2842228 1.2842228 1 R
1.2837776 1.2837776 1 R
1.237695 1.237695 2 R
1.2366825 1.2366825 2 R
1.2811804 1.2811804 1 R
1.2350438 1.2350438 2 R
1.2805074 1.2805074 1 R
1.2781065 1.2781065 1 R
1.2346277 1.2346277 2 R
1.2763461 1.2763461 1 R
1.230976 1.230976 2 R
1.2275697 1.2275697 2 R
1.221646 1.221646 2 R
1.2741475 1.2741475 1 R
1.2734587 1.2734587 1 R
1.2184099 1.2184099 2 R
1.2706838 1.2706838 1 R
1.2659854 1.2659854 1 R
1.218178 1.218178 2 R
1.265354 1.265354 1 R
1.2607791 1.2607791 1
1.2606616 1.2606616 1 R
1.2171777 1.2171777 2 R
1.2146363 1.2146363 2 R
1.2546376 1.2546376 1 R
1.2535779 1.2535779 1 R
1.2523718 1.2523718 1 R
1.2470368 1.2470368 1 R
1.2119803 1.2119803 2 R
1.2344035 1.2344035 1 R
1.2304736 1.2304736 1 R
1.2114401 1.2114401 2 R
1.2268293 1.2268293 1 R
1.2109371 1.2109371 2 R
1.2201749 1.2201749 1 R
1.209705 1.209705 2 R
1.2094359 1.2094359 2 R
1.2199919 1.2199919 1 R
1.1992162 1.1992162 2 R
1.2111486 1.2111486 1 R
1.1914855 1.1914855 2 R
1.2108616 1.2108616 1 R
1.2084072 1.2084072 1 R
1.206764 1.206764 1 R
1.1986641 1.1986641 1 R
1.197257 1.197257 1 R
1.1909816 1.1909816 2 R
1.1897074 1.1897074 2 R
1.1937019 1.1937019 1 R
1.192348 1.192348 1 R
1.19082 1.19082 1 R
1.1845692 1.1845692 2 R
1.1901815 1.1901815 1 R
1.1802466 1.1802466 2 R
1.1800244 1.1800244 2 R
1.1742516 1.1742516 2 R
1.1725661 1.1725661 2 R
1.1842262 1.1842262 1 R
1.1719662 1.1719662 2 R
1.1700579 1.1700579 2 R
1.1789316 1.1789316 1 R
1.1699493 1.1699493 2 R
1.1771121 1.1771121 1 R
1.1618239 1.1618239 1 R
1.1585767 1.1585767 1 R
1.1675928 1.1675928 2
1.1656163 1.1656163 2
1.1643525 1.1643525 2 R
1.1578435 1.1578435 1 R
1.1522853 1.1522853 1 R
1.1630425 1.1630425 2 R
1.1624577 1.1624577 2 R
1.149117 1.149117 1 R
1.1479994 1.1479994 1 R
1.1581604 1.1581604 2 R
1.1440085 1.1440085 1 R
1.1422986 1.1422986 1 R
1.1416336 1.1416336 1 R
1.1542298 1.1542298 2 R
1.142128 1.142128 2 R
1.1381495 1.1381495 2 R
1.1392063 1.1392063 1 R
1.1366696 1.1366696 1 R
1.1370739 1.1370739 2 R
1.1357 1.1357 1 R
1.1340414 1.1340414 1 R
1.1274948 1.1274948 2 R
1.1267207 1.1267207 2 R
1.1246043 1.1246043 2 R
1.1337085 1.1337085 1 R
1.1275128 1.1275128 1 R
1.1215416 1.1215416 2 R
1.1274413 1.1274413 1 R
1.1267321 1.1267321 1 R
1.1158738 1.1158738 2
1.1262021 1.1262021 1
1.1121416 1.1121416 2 R
1.1112853 1.1112853 2 R
1.1252863 1.1252863 1 R
1.1229579 1.1229579 1 R
1.1058722 1.1058722 2 R
1.1041888 1.1041888 2 R
1.1214941 1.1214941 1 R
1.1209557 1.1209557 1 R
1.1036806 1.1036806 2 R
1.1204691 1.1204691 1 R
1.098242 1.098242 2 R
1.1147028 1.1147028 1 R
1.1104816 1.1104816 1 R
1.0964539 1.0964539 2 R
1.0962745 1.0962745 2 R
1.1097478 1.1097478 1 R
1.1055839 1.1055839 1 R
1.105003 1.105003 1 R
1.1043857 1.1043857 1 R
1.1021672 1.1021672 1 R
1.1008632 1.1008632 1 R
1.0993336 1.0993336 1 R
1.0954759 1.0954759 1 R
1.0948942 1.0948942 1 R
1.0946453 1.0946453 2 R
1.093071 1.093071 2 R
1.0934285 1.0934285 1 R
1.0927614 1.0927614 2 R
1.0894026 1.0894026 2 R
1.0884612 1.0884612 2 R
1.0881014 1.0881014 2 R
1.0870548 1.0870548 2 R
1.0852842 1.0852842 2 R
1.0926991 1.0926991 1
1.0805054 1.0805054 2 R
1.0838968 1.0838968 1 R
1.073854 1.073854 2 R
1.0831153 1.0831153 1 R
1.0806847 1.0806847 1 R
1.0688772 1.0688772 2 R
1.0777638 1.0777638 1 R
1.0691628 1.0691628 1 R
1.0642483 1.0642483 1
1.0665846 1.0665846 2 R
1.0601246 1.0601246 1 R
1.0665802 1.0665802 2 R
1.060093 1.060093 1 R
1.0656393 1.0656393 2 R
1.0652157 1.0652157 2 R
1.0590384 1.0590384 1 R
1.0570492 1.0570492 1 R
1.0558811 1.0558811 1 R
1.0589839 1.0589839 2 R
1.0543745 1.0543745 1 R
1.0492662 1.0492662 1 R
1.0464966 1.0464966 1 R
1.0429593 1.0429593 1 R
1.041153 1.041153 1 R
1.038175 1.038175 1 R
1.0557415 1.0557415 2 R
1.0555989 1.0555989 2 R
1.0539415 1.0539415 2 R
1.0428815 1.0428815 2 R
1.0411679 1.0411679 2 R
1.0398369 1.0398369 2 R
1.0383475 1.0383475 2
1.0368886 1.0368886 2 R
1.0361037 1.0361037 1 R
1.0340341 1.0340341 1 R
1.0340128 1.0340128 1 R
1.0297083 1.0297083 1 R
1.0279294 1.0279294 1 R
1.0274838 1.0274838 1 R
1.0251889 1.0251889 1
1.0233282 1.0233282 1 R
1.0223534 1.0223534 1 R
1.0218728 1.0218728 1 R
1.021616 1.021616 1 R
1.0353485 1.0353485 2 R
1.0333169 1.0333169 2 R
1.0331275 1.0331275 2 R
1.0308081 1.0308081 2
1.0304192 1.0304192 2 R
1.0242379 1.0242379 2 R
1.0233901 1.0233901 2 R
1.0188338 1.0188338 1 R
1.0214831 1.0214831 2
1.0170758 1.0170758 2 R
1.0186604 1.0186604 1 R
1.0083797 1.0083797 2 R
1.0168557 1.0168557 1 R
1.0149522 1.0149522 1 R
1.0063928 1.0063928 2 R
1.0056453 1.0056453 2 R
1.0054601 1.0054601 2 R
1.004925 1.004925 2 R
1.0048726 1.0048726 2 R
1.0136607 1.0136607 1 R
1.0124755 1.0124755 1 R
1.0093963 1.0093963 1 R
1.2192175 1.2192175 2 R
1.399713 1.399713 2 R
1.0090238 1.0090238 1 R
1.0086942 1.0086942 1 R
1.0080792 1.0080792 1 R
1.1553911 1.1553911 2 R
1.0078037 1.0078037 1 R
1.0074937 1.0074937 1 R
1.0331742 1.0331742 2 R
1.0475733 1.0475733 2 R
1.0064644 1.0064644 1 R
1.008978 1.008978 2 R
1.0053637 1.0053637 1 R
1.0046794 1.0046794 1 R
1.3896663 1.3896663 2 R
