0
0
0
0
0
0
0
0
1
0
0
0
0
2
0
0
2
1
0
2
1
1
1
0
0
1
0
6
0
3
0
1
3
2
0
1
0
0
2
0
1
0
0
1
1
1
0
2
3
0
4
0
3
14
3
0
0
2
0
0
1
0
2
1
1
4
0
2
1
0
0
0
10
2
1
3
0
2
3
1
2
0
0
2
0
0
5
0
0
1
0
0
3
4
7
0
0
9
2
0
2
1
1
0
0
1
1
0
0
0
1
0
0
3
3
1
4
0
0
5
3
0
1
0
1
13
0
6
1
6
1
0
4
2
0
1
0
6
0
2
3
1
5
1
8
2
6
1
6
0
5
1
1
3
12
1
8
12
2
6
4
5
0
1
5
9
3
5
5
5
2
3
5
1
6
0
0
1
6
6
0
1
7
4
3
2
14
6
11
6
1
1
4
5
3
0
3
3
0
8
4
4
0
4
3
3
7
4
1
7
2
2
6
3
22
2
0
0
1
0
1
1
5
2
13
6
4
1
5
11
1
2
0
5
17
1
0
12
40
0
2
4
4
5
1
0
0
0
2
0
1
0
1
1
7
0
4
2
0
4
9
2
15
11
2
5
4
7
5
9
13
4
1
2
16
0
8
0
9
8
11
3
10
10
0
0
5
0
2
9
0
4
0
2
9
0
8
0
19
4
7
4
0
1
2
12
7
0
1
0
6
2
1
10
0
8
14
11
1
9
3
9
13
1
6
2
9
0
2
7
7
18
7
7
0
1
1
5
2
14
0
5
1
3
7
0
24
0
0
6
2
1
4
6
8
7
0
2
0
6
0
6
4
2
1
15
4
1
0
3
3
2
7
12
3
3
0
3
4
4
2
14
3
0
8
4
0
1
15
4
4
2
1
5
12
4
2
10
2
3
0
2
6
0
7
5
3
0
7
1
0
4
12
1
11
4
2
0
4
12
6
3
6
8
3
15
1
9
11
4
7
5
0
6
13
2
20
3
11
10
1
2
2
0
1
4
2
41
5
4
7
4
6
14
3
1
1
3
3
5
2
2
1
0
0
1
1
0
0
1
2
0
4
8
2
1
6
0
8
1
1
4
1
24
11
16
8
5
8
12
13
5
9
9
8
0
9
17
20
7
