# of time steps, flux weights, total travel time, x-, y-, z-final pos, beta, total length[m] 
15208  1.490566950934E-01  1.619050081793E+03  5.000000000000E-01  -2.377253568977E-01  2.000000000000E-01  3.231052362836E+08  1.254264053939E+00 
14746  9.646243652268E-02  1.399927890859E+03  5.000000000000E-01  -1.934733536911E-01  -2.000000000000E-01  2.786019567905E+08  1.209461851871E+00 
14853  9.021294526335E-02  1.373458261040E+03  5.000000000000E-01  -1.416579372063E-01  2.000000000000E-01  2.746631465135E+08  1.202815689887E+00 
14692  9.267828262794E-02  1.366632944277E+03  5.000000000000E-01  -8.624896838093E-02  2.000000000000E-01  2.721278642035E+08  1.200738099888E+00 
14493  8.777440628471E-02  1.364673087536E+03  5.000000000000E-01  -2.877713167138E-02  -2.000000000000E-01  2.701649029857E+08  1.200006827336E+00 
14642  8.007663335370E-02  1.364761660582E+03  5.000000000000E-01  2.891283157844E-02  -2.000000000000E-01  2.721376524501E+08  1.200002071893E+00 
14676  9.517447488202E-02  1.366747935199E+03  5.000000000000E-01  8.625202648304E-02  -2.000000000000E-01  2.708116975102E+08  1.200757746245E+00 
14941  9.071320163800E-02  1.373790489602E+03  5.000000000000E-01  1.415438522104E-01  -2.000000000000E-01  2.745679115489E+08  1.202829217470E+00 
14562  9.919170938630E-02  1.400270076660E+03  5.000000000000E-01  1.938374767747E-01  2.000000000000E-01  2.782895758763E+08  1.209482685222E+00 
20589  1.186592149479E-01  2.651724168468E+04  5.000000000000E-01  2.903964038497E-02  2.000000000000E-01  5.301460455198E+09  1.685052704444E+00 
