# of time steps, flux weights, total travel time, x-, y-, z-final pos, beta, total length[m] 
5145  9.370183867367E-02  8.202776728439E-01  5.000000000000E-01  -4.497324879951E-01  2.000000000000E-01  1.640553482228E+05  1.201444444039E+00 
4893  1.167403034519E-01  1.107603875466E+00  5.000000000000E-01  -3.548155560015E-01  2.000000000000E-01  2.215202462303E+05  1.204953406547E+00 
5016  1.041832483425E-01  1.022358499580E+00  5.000000000000E-01  -2.499745130318E-01  2.000000000000E-01  2.044712745335E+05  1.201536959646E+00 
5033  1.091009598451E-01  4.556209201010E-05  5.000000000000E-01  -1.499999194143E-01  2.000000000000E-01  8.693138371806E+00  1.199808557890E+00 
5022  1.033814279499E-01  2.555232256526E-01  5.000000000000E-01  -4.948728547686E-02  2.000000000000E-01  5.110419695010E+04  1.200677007145E+00 
5388  9.896825740630E-02  3.628916210303E+01  5.000000000000E-01  -1.545848484329E-02  -2.000000000000E-01  7.257832422268E+06  1.267756413831E+00 
4983  1.022485488314E-01  1.889983630335E-01  5.000000000000E-01  1.502774953651E-01  -2.000000000000E-01  3.779947391974E+04  1.200655841232E+00 
7120  1.029663838103E-01  8.357249789884E+02  5.000000000000E-01  -8.344456603261E-02  -2.000000000000E-01  1.671449956990E+08  1.599966684376E+00 
4908  9.465605290758E-02  4.555927492560E-05  5.000000000000E-01  3.499993294722E-01  -2.000000000000E-01  8.631864153358E+00  1.199782930849E+00 
5107  7.405297878133E-02  4.556557564448E-05  5.000000000000E-01  4.499993090273E-01  2.000000000000E-01  8.925188033593E+00  1.199812807018E+00 
