Format: xRadius yRadius Family# Removed (-2 = userPolygon, -1 = userRectangle, 0 = userEllipse, > 0 is family in order of famProb)
50 50 1 R
11.181545 11.181545 1
11.016823 11.016823 1
9.3812208 9.3812208 1 R
8.291832 8.291832 1
6.6482902 6.6482902 1
6.4027171 6.4027171 1 R
5.462605 5.462605 1
5.3186555 5.3186555 1 R
4.417079 4.417079 1
3.8073621 3.8073621 1
3.6152277 3.6152277 1
3.4155092 3.4155092 1
3.1878061 3.1878061 1
2.7121968 2.7121968 1
2.6682279 2.6682279 1
2.5468376 2.5468376 1 R
2.1847527 2.1847527 1
1.9813602 1.9813602 1
1.9746608 1.9746608 1 R
1.8031344 1.8031344 1 R
1.752251 1.752251 1
1.6809416 1.6809416 1 R
1.636223 1.636223 1 R
1.6205851 1.6205851 1
1.5487214 1.5487214 1 R
1.5288502 1.5288502 1 R
1.3450676 1.3450676 1 R
1.1982081 1.1982081 1
1.1210557 1.1210557 1
1.0680696 1.0680696 1 R
1.0341514 1.0341514 1 R
1.0253795 1.0253795 1 R
3.4633181 3.4633181 1 R
3.8714354 3.8714354 1 R
3.7233732 3.7233732 1
1.3472084 1.3472084 1 R
1.3122758 1.3122758 1
2.3177392 2.3177392 1 R
4.1451588 4.1451588 1 R
