Format: x y z  (R = removed from domain due to fracture isolation)
4.330299035 -1.940076732 -4.973916763 R
-0.10302419 0.05371066413 0.06539804929
-0.126311644 -1.873686483 -1.958696141
4.938552368 -3.523181077 4.720392341 R
0.1111756167 4.216560641 -0.8789713132
-3.072786192 -4.349171611 2.426269647
-4.320549381 -4.352046755 -4.965944384 R
3.609837911 -4.934311151 1.08178292
-4.815459903 4.513102114 4.577869565 R
-0.8803266018 -2.697784484 4.791121897
-3.509323969 -3.421008189 -4.374004821
3.15593662 -1.479392087 3.091729719
-3.559917623 0.3664909419 4.546853161
-4.99860661 -2.571483685 1.744555438
4.150291493 3.740025014 1.126199933
4.900140745 -2.144815278 4.480165452
-3.374336513 4.210589573 -0.4365742278 R
-2.057243516 1.565496264 -3.78042329
3.14944194 1.989511702 -2.319655894
0.2811563893 4.384424606 4.981122878 R
-3.7201775 -1.883660242 -4.423877402 R
-0.4913920898 3.628644494 -4.088872347
-4.583433529 -1.718219365 -0.08394010327 R
-1.330436457 2.30834104 3.169444188 R
0.7249322305 1.672599798 1.270124534
-1.177188688 3.611674572 2.878428914 R
-4.542275943 1.84290342 1.598719455 R
1.439794495 4.802663861 -2.588973744 R
-1.190085633 -0.7682856958 -3.976504697
0.1849254905 1.980172429 3.724421478
-2.726598958 3.31843649 -4.245543862 R
-0.4729786431 3.393602902 0.2070726476 R
3.193959639 -2.707817956 2.050128008 R
0.2201323218 4.961508659 -4.405911293 R
-4.591445871 -4.234561283 -3.43362176 R
-4.331212006 -4.832580518 3.440177039
3.438731822 -1.563623008 0.03334963381 R
2.032095861 -1.916120432 -3.521149315
4.660621474 -2.304398378 -2.857175122 R
4.691414064 -4.409845551 -4.665895604 R
